1 0.2203125 0.5516431924882629 0.0890625 0.107981220657277
1 0.95 0.8967136150234741 0.1 0.08450704225352113
1 0.009375 0.18309859154929578 0.01875 0.11502347417840375
0 0.2453125 0.2323943661971831 0.0421875 0.051643192488262914
1 0.325 0.24882629107981222 0.078125 0.13849765258215962
0 0.421875 0.2136150234741784 0.0640625 0.09624413145539906
1 0.4890625 0.2300469483568075 0.0625 0.08685446009389672
1 0.6265625 0.22065727699530516 0.0578125 0.1056338028169014
1 0.95625 0.24647887323943662 0.0875 0.12441314553990611
1 0.9453125 0.5352112676056338 0.05625 0.06338028169014084
0 0.68125 0.539906103286385 0.0734375 0.11737089201877934
1 0.50625 0.5446009389671361 0.0640625 0.1056338028169014
1 0.3609375 0.5586854460093896 0.0890625 0.11971830985915492
1 0.4984375 0.8661971830985915 0.059375 0.09624413145539906