1 0.7234375 0.4107981220657277 0.1265625 0.1807511737089202
1 0.709375 0.7582159624413145 0.0671875 0.07746478873239436
0 0.5234375 0.007042253521126761 0.0703125 0.011737089201877934
1 0.51875 0.37089201877934275 0.0421875 0.07511737089201878
0 0.4734375 0.5 0.03125 0.04460093896713615
1 0.496875 0.7136150234741784 0.0484375 0.08215962441314555
1 0.296875 0.6901408450704225 0.0640625 0.11032863849765258
1 0.28125 0.36384976525821594 0.08125 0.13145539906103287
1 0.0859375 0.01643192488262911 0.10625 0.03286384976525822
1 0.0640625 0.2652582159624413 0.103125 0.10093896713615023
1 0.0453125 0.6455399061032864 0.0796875 0.12441314553990611
1 0.034375 0.8380281690140845 0.05 0.07511737089201878
1 0.0328125 0.9800469483568075 0.053125 0.03990610328638498