1 0.078125 0.9014084507042254 0.0859375 0.09624413145539906
0 0.003125 0.17136150234741784 0.00625 0.0539906103286385
0 0.178125 0.19014084507042253 0.04375 0.06572769953051644
0 0.584375 0.18544600938967137 0.0453125 0.06338028169014084
1 0.7765625 0.22065727699530516 0.0421875 0.07511737089201878
1 0.965625 0.22535211267605634 0.0671875 0.06572769953051644
1 0.9734375 0.596244131455399 0.0515625 0.0892018779342723
1 0.76875 0.5727699530516432 0.065625 0.08450704225352113
1 0.5890625 0.5751173708920188 0.0390625 0.056338028169014086
1 0.3765625 0.5375586854460094 0.0703125 0.11267605633802817
0 0.5078125 0.9178403755868545 0.059375 0.08450704225352113
0 0.6875 0.8943661971830986 0.046875 0.06807511737089202
1 0.8796875 0.9131455399061033 0.0453125 0.06338028169014084