0 0.9734375 0.9788732394366197 0.0515625 0.04225352112676056
1 0.9203125 0.8098591549295775 0.096875 0.16901408450704225
1 0.815625 0.57981220657277 0.090625 0.15023474178403756
0 0.5390625 0.6737089201877934 0.046875 0.0892018779342723
0 0.628125 0.9460093896713615 0.0578125 0.10328638497652583
1 0.9703125 0.38497652582159625 0.059375 0.08215962441314555
1 0.91875 0.16901408450704225 0.1234375 0.15258215962441316
1 0.6875 0.1056338028169014 0.046875 0.08685446009389672
1 0.615625 0.11502347417840375 0.053125 0.07511737089201878
1 0.371875 0.06103286384976526 0.0796875 0.08450704225352113
1 0.4609375 0.3615023474178404 0.0703125 0.09389671361502347