1 0.43125 0.9624413145539906 0.0703125 0.07511737089201878
0 0.61875 0.5 0.0484375 0.07746478873239436
0 0.678125 0.4084507042253521 0.0796875 0.1056338028169014
0 0.6296875 0.1431924882629108 0.0640625 0.07276995305164319
1 0.4734375 0.1596244131455399 0.065625 0.12206572769953052
1 0.4390625 0.6666666666666666 0.0703125 0.10093896713615023
1 0.234375 0.7300469483568075 0.0890625 0.1056338028169014
1 0.2640625 0.28169014084507044 0.05625 0.09154929577464789
1 0.0328125 0.01643192488262911 0.053125 0.03051643192488263
1 0.0296875 0.19953051643192488 0.059375 0.11267605633802817
1 0.0078125 0.6150234741784038 0.0140625 0.09154929577464789
1 0.003125 0.8591549295774648 0.00625 0.09389671361502347