0 0.0453125 0.7535211267605634 0.0671875 0.07511737089201878
0 0.1015625 0.8427230046948356 0.0859375 0.09624413145539906
1 0.3234375 0.7816901408450704 0.0796875 0.13145539906103287
1 0.43125 0.755868544600939 0.1125 0.11737089201877934
1 0.4109375 0.8779342723004695 0.0578125 0.07511737089201878
1 0.5265625 0.7206572769953051 0.0484375 0.06103286384976526
1 0.5296875 0.8145539906103286 0.06875 0.09624413145539906
1 0.621875 0.7887323943661971 0.0671875 0.06338028169014084
1 0.821875 0.7300469483568075 0.1171875 0.08215962441314555
1 0.7953125 0.8309859154929577 0.128125 0.107981220657277
1 0.9734375 0.8427230046948356 0.0515625 0.15492957746478872