1 0.025 0.13145539906103287 0.05 0.11267605633802817
1 0.69375 0.9107981220657277 0.071875 0.09624413145539906
0 0.2109375 0.15023474178403756 0.053125 0.07511737089201878
1 0.596875 0.14553990610328638 0.0453125 0.07746478873239436
0 0.9828125 0.17136150234741784 0.034375 0.0539906103286385
1 0.7890625 0.5469483568075117 0.053125 0.0892018779342723
1 0.5796875 0.5563380281690141 0.0640625 0.09624413145539906
1 0.1609375 0.5211267605633803 0.0640625 0.07511737089201878
1 0.1265625 0.8826291079812206 0.0765625 0.07746478873239436
1 0.3296875 0.9084507042253521 0.046875 0.07042253521126761
1 0.5140625 0.892018779342723 0.0703125 0.08450704225352113
0 0.89375 0.8990610328638498 0.06875 0.06807511737089202