1 0.0859375 0.49765258215962443 0.1078125 0.15492957746478872
1 0.7390625 0.9131455399061033 0.059375 0.0892018779342723
1 0.740625 0.704225352112676 0.0625 0.07276995305164319
0 0.75 0.6126760563380281 0.0734375 0.07746478873239436
1 0.74375 0.44835680751173707 0.090625 0.11737089201877934
1 0.746875 0.33098591549295775 0.0546875 0.06807511737089202
1 0.8015625 0.002347417840375587 0.10625 0.002347417840375587
1 0.534375 0.2793427230046948 0.0765625 0.12441314553990611
1 0.528125 0.4835680751173709 0.0859375 0.11502347417840375
1 0.521875 0.7089201877934272 0.0796875 0.09859154929577464
0 0.52265625 0.9589201877934272 0.0703125 0.08215962441314555
1 0.315625 0.6948356807511737 0.0640625 0.08215962441314555
1 0.1 0.12441314553990611 0.046875 0.09624413145539906
1 0.0859375 0.9166666666666666 0.10625 0.16666666666666666