0 0.43125 0.9436619718309859 0.0671875 0.107981220657277
1 0.003125 0.22535211267605634 0.00625 0.06572769953051644
1 0.1734375 0.20422535211267606 0.0546875 0.07276995305164319
1 0.378125 0.22535211267605634 0.0734375 0.07981220657276995
1 0.578125 0.22300469483568075 0.059375 0.07746478873239436
0 0.965625 0.2347417840375587 0.0375 0.0539906103286385
0 0.9734375 0.636150234741784 0.0515625 0.07511737089201878
0 0.7828125 0.6103286384976526 0.053125 0.07746478873239436
1 0.0046875 0.596244131455399 0.0078125 0.0892018779342723
1 0.0390625 0.9248826291079812 0.040625 0.06807511737089202
0 0.24375 0.9624413145539906 0.034375 0.07511737089201878
0 0.61875 0.9647887323943662 0.0625 0.07042253521126761
0 0.99375 0.9342723004694836 0.0125 0.107981220657277