1 0.1234375 0.6032863849765259 0.0875 0.13145539906103287
1 0.225 0.3474178403755869 0.071875 0.1056338028169014
1 0.5421875 0.2347417840375587 0.071875 0.11032863849765258
1 0.84375 0.16666666666666666 0.0671875 0.09859154929577464
1 0.6671875 0.5868544600938967 0.05 0.08450704225352113
0 0.5484375 0.13615023474178403 0.065625 0.06572769953051644
1 0.3234375 0.8309859154929577 0.0640625 0.06807511737089202
1 0.396875 0.6314553990610329 0.078125 0.18544600938967137
0 0.58125 0.795774647887324 0.0609375 0.07981220657276995
0 0.5125 0.9014084507042254 0.0484375 0.08215962441314555
1 0.575 0.8779342723004695 0.0375 0.04929577464788732
1 0.8921875 0.6619718309859155 0.09375 0.15492957746478872