1 0.19375 0.7910798122065728 0.1046875 0.12206572769953052
0 0.45 0.43661971830985913 0.1265625 0.11737089201877934
1 0.2078125 0.4413145539906103 0.1015625 0.09624413145539906
1 0.2453125 0.03051643192488263 0.15 0.05868544600938967
1 0.9515625 0.03286384976525822 0.096875 0.06572769953051644
1 0.00625 0.5375586854460094 0.0125 0.11032863849765258
1 0.0140625 0.12206572769953052 0.028125 0.07511737089201878
1 0.046875 0.43896713615023475 0.053125 0.07276995305164319
1 0.00625 0.8685446009389671 0.0109375 0.10328638497652583
1 0.45 0.9131455399061033 0.046875 0.07042253521126761
1 0.4515625 0.647887323943662 0.0453125 0.09859154929577464
0 0.4484375 0.2511737089201878 0.05 0.07981220657276995
0 0.4359375 0.03286384976525822 0.0390625 0.06338028169014084
1 0.9515625 0.27699530516431925 0.0828125 0.08450704225352113
1 0.928125 0.8098591549295775 0.0578125 0.07981220657276995