1 0.4359375 0.002347417840375587 0.1265625 0.002347417840375587
1 0.84375 0.007042253521126761 0.0546875 0.011737089201877934
0 0.7234375 0.014084507042253521 0.071875 0.028169014084507043
0 0.5875 0.009389671361502348 0.10625 0.018779342723004695
1 0.75625 0.2347417840375587 0.046875 0.10093896713615023
1 0.6734375 0.31690140845070425 0.1046875 0.11032863849765258
1 0.246875 0.2793427230046948 0.046875 0.07276995305164319
0 0.1203125 0.2863849765258216 0.065625 0.09859154929577464
1 0.0046875 0.3004694835680751 0.0078125 0.08215962441314555
1 0.2421875 0.9765258215962441 0.090625 0.046948356807511735
0 0.39375 0.9753521126760564 0.0625 0.04929577464788732
1 0.525 0.9647887323943662 0.096875 0.07042253521126761