1 0.0015625 0.8967136150234741 0.0015625 0.08450704225352113
1 0.0078125 0.24647887323943662 0.0140625 0.12441314553990611
1 0.1921875 0.2323943661971831 0.0515625 0.09154929577464789
0 0.646875 0.2535211267605634 0.0796875 0.10093896713615023
1 0.8265625 0.607981220657277 0.065625 0.08450704225352113
1 0.4921875 0.5610328638497653 0.0671875 0.09389671361502347
0 0.1765625 0.5539906103286385 0.040625 0.046948356807511735
1 0.0390625 0.6009389671361502 0.04375 0.051643192488262914
1 0.178125 0.8615023474178404 0.04375 0.09624413145539906
1 0.590625 0.8896713615023474 0.0546875 0.07276995305164319
1 0.8890625 0.9178403755868545 0.0765625 0.09859154929577464