1 0.4484375 0.09154929577464789 0.0953125 0.09624413145539906
1 0.1546875 0.13615023474178403 0.0828125 0.1056338028169014
1 0.05625 0.14553990610328638 0.0828125 0.12910798122065728
1 0.115625 0.45305164319248825 0.0546875 0.06338028169014084
1 0.29375 0.47183098591549294 0.0484375 0.07276995305164319
1 0.4734375 0.48826291079812206 0.04375 0.09154929577464789
1 0.3640625 0.4694835680751174 0.0359375 0.04929577464788732
1 0.559375 0.4953051643192488 0.046875 0.06807511737089202
1 0.609375 0.4859154929577465 0.0328125 0.04225352112676056
1 0.653125 0.5023474178403756 0.03125 0.0539906103286385
1 0.8375 0.539906103286385 0.0609375 0.05868544600938967
1 0.675 0.8309859154929577 0.0390625 0.051643192488262914