1 0.4921875 0.009389671361502348 0.14375 0.018779342723004695
1 0.7015625 0.6830985915492958 0.1328125 0.17136150234741784
0 0.471875 0.9295774647887324 0.084375 0.14084507042253522
0 0.6859375 0.9154929577464789 0.053125 0.09859154929577464
1 0.7765625 0.8333333333333334 0.0390625 0.051643192488262914
1 0.7640625 0.5375586854460094 0.04375 0.06572769953051644
1 0.75625 0.4061032863849765 0.084375 0.13849765258215962
0 0.715625 0.22065727699530516 0.1078125 0.1784037558685446
0 0.478125 0.176056338028169 0.0671875 0.09859154929577464
0 0.534375 0.07746478873239436 0.0859375 0.10328638497652583
1 0.7109375 0.009389671361502348 0.0890625 0.01643192488262911
1 0.7984375 0.023474178403755867 0.0546875 0.046948356807511735
1 0.971875 0.10093896713615023 0.05625 0.19953051643192488