1 0.840625 0.15258215962441316 0.071875 0.11737089201877934
1 0.759375 0.06807511737089202 0.084375 0.09389671361502347
1 0.38125 0.05868544600938967 0.0921875 0.08215962441314555
1 0.1625 0.028169014084507043 0.0515625 0.0539906103286385
1 0.009375 0.03755868544600939 0.01875 0.07276995305164319
1 0.3203125 0.4295774647887324 0.0640625 0.07042253521126761
1 0.496875 0.43427230046948356 0.0703125 0.08450704225352113
1 0.709375 0.44835680751173707 0.065625 0.11737089201877934
0 0.9515625 0.47183098591549294 0.0484375 0.07276995305164319
1 0.6796875 0.8286384976525821 0.0609375 0.08450704225352113
1 0.459375 0.8474178403755869 0.09375 0.11267605633802817
0 0.253125 0.8028169014084507 0.0578125 0.06572769953051644