1 0.6078125 0.03051643192488263 0.084375 0.06103286384976526
1 0.26875 0.02112676056338028 0.0984375 0.03990610328638498
1 0.45 0.30985915492957744 0.10625 0.14788732394366197
1 0.646875 0.29107981220657275 0.0953125 0.11737089201877934
1 0.7828125 0.30985915492957744 0.0859375 0.1267605633802817
1 0.871875 0.323943661971831 0.0734375 0.12910798122065728
0 0.7875 0.7605633802816901 0.04375 0.07276995305164319
0 0.5625 0.715962441314554 0.046875 0.04929577464788732
0 0.3609375 0.6854460093896714 0.053125 0.05868544600938967
1 0.1515625 0.6338028169014085 0.0390625 0.051643192488262914
1 0.996875 0.3732394366197183 0.00625 0.03755868544600939
1 0.084375 0.32629107981220656 0.0671875 0.07511737089201878
1 0.1125 0.22535211267605634 0.0578125 0.06103286384976526