1 0.43515625 0.9471830985915493 0.1265625 0.1056338028169014
0 0.3921875 0.27699530516431925 0.11875 0.14084507042253522
1 0.259375 0.25821596244131456 0.1015625 0.13145539906103287
0 0.846875 0.29577464788732394 0.05 0.06338028169014084
0 0.98125 0.2981220657276995 0.0359375 0.07276995305164319
0 0.7828125 0.636150234741784 0.075 0.10093896713615023
1 0.5296875 0.6408450704225352 0.125 0.09624413145539906
1 0.31875 0.6173708920187794 0.046875 0.06338028169014084
1 0.0453125 0.607981220657277 0.08125 0.09389671361502347
1 0.1140625 0.6948356807511737 0.0421875 0.06807511737089202
1 0.1140625 0.931924882629108 0.0671875 0.06103286384976526
1 0.84296875 0.9706572769953051 0.0546875 0.05868544600938967
0 0.7234375 0.9553990610328639 0.071875 0.0892018779342723
0 0.5875 0.9413145539906104 0.10625 0.11737089201877934