1 0.35625 0.2699530516431925 0.0953125 0.1267605633802817
1 0.8015625 0.9178403755868545 0.10625 0.1643192488262911
1 0.809375 0.460093896713615 0.0625 0.09859154929577464
0 0.58125 0.10093896713615023 0.075 0.12441314553990611
1 0.3765625 0.15023474178403756 0.075 0.08450704225352113
1 0.3765625 0.3755868544600939 0.0515625 0.06103286384976526
1 0.34375 0.7723004694835681 0.05625 0.08215962441314555
1 0.3171875 0.6596244131455399 0.053125 0.08215962441314555
1 0.1484375 0.04929577464788732 0.0609375 0.09624413145539906
1 0.1125 0.40375586854460094 0.10625 0.20657276995305165
1 0.1265625 0.7300469483568075 0.075 0.1619718309859155