1 0.99375 0.12206572769953052 0.0125 0.08685446009389672
0 0.6703125 0.11267605633802817 0.0421875 0.08450704225352113
1 0.496875 0.11971830985915492 0.065625 0.0892018779342723
1 0.2953125 0.1056338028169014 0.096875 0.10093896713615023
1 0.159375 0.11267605633802817 0.0671875 0.10328638497652583
1 0.0828125 0.4507042253521127 0.059375 0.07276995305164319
0 0.1453125 0.4694835680751174 0.0390625 0.04929577464788732
0 0.2640625 0.39906103286384975 0.0421875 0.06103286384976526
0 0.4671875 0.39906103286384975 0.053125 0.09624413145539906
0 0.69375 0.8286384976525821 0.075 0.09624413145539906
1 0.4390625 0.7887323943661971 0.053125 0.06103286384976526
0 0.2171875 0.8309859154929577 0.0578125 0.08215962441314555