1 0.9671875 0.03755868544600939 0.0640625 0.07276995305164319
1 0.790625 0.023474178403755867 0.08125 0.046948356807511735
0 0.5828125 0.018779342723004695 0.06875 0.03755868544600939
1 0.3984375 0.023474178403755867 0.0703125 0.04460093896713615
1 0.1890625 0.002347417840375587 0.05625 0.004694835680751174
1 0.071875 0.352112676056338 0.084375 0.11737089201877934
1 0.25625 0.3380281690140845 0.0390625 0.07981220657276995
1 0.671875 0.3732394366197183 0.06875 0.09859154929577464
1 0.8921875 0.3779342723004695 0.0625 0.09154929577464789
1 0.85 0.784037558685446 0.0484375 0.07511737089201878
0 0.6640625 0.7605633802816901 0.0328125 0.046948356807511735
0 0.45625 0.744131455399061 0.0421875 0.03990610328638498
0 0.2625 0.7112676056338029 0.0375 0.05868544600938967